# TRINITY Black Hole Mass - Halo Mass Relation
# Data from Figure 14 of Zhang et al. TRINITY paper
# Columns: z_min z_max log10(Mpeak[Msun]) log10(Mbh[Msun]) log10(Mbh/Mpeak) sigma_log10_Mbh
# This represents the best-fitting median Mbh-Mpeak relation from z=0-10
# Each row represents a halo mass bin at a given redshift range

# z=0.0-0.5
0.0 0.5 11.0 5.5 -5.5 0.3
0.0 0.5 11.5 6.0 -5.5 0.3
0.0 0.5 12.0 6.8 -5.2 0.3
0.0 0.5 12.5 7.5 -5.0 0.3
0.0 0.5 13.0 8.2 -4.8 0.3
0.0 0.5 13.5 8.8 -4.7 0.3
0.0 0.5 14.0 9.3 -4.7 0.3
0.0 0.5 14.5 9.7 -4.8 0.3
0.0 0.5 15.0 10.0 -5.0 0.3

# z=0.5-1.0
0.5 1.0 11.0 5.3 -5.7 0.3
0.5 1.0 11.5 5.8 -5.7 0.3
0.5 1.0 12.0 6.6 -5.4 0.3
0.5 1.0 12.5 7.3 -5.2 0.3
0.5 1.0 13.0 8.0 -5.0 0.3
0.5 1.0 13.5 8.7 -4.8 0.3
0.5 1.0 14.0 9.2 -4.8 0.3
0.5 1.0 14.5 9.7 -4.8 0.3
0.5 1.0 15.0 10.1 -4.9 0.3

# z=1.0-2.0
1.0 2.0 11.0 5.0 -6.0 0.35
1.0 2.0 11.5 5.5 -6.0 0.35
1.0 2.0 12.0 6.4 -5.6 0.35
1.0 2.0 12.5 7.2 -5.3 0.35
1.0 2.0 13.0 8.0 -5.0 0.35
1.0 2.0 13.5 8.7 -4.8 0.35
1.0 2.0 14.0 9.3 -4.7 0.35
1.0 2.0 14.5 9.8 -4.7 0.35
1.0 2.0 15.0 10.2 -4.8 0.35

# z=2.0-3.0
2.0 3.0 11.0 4.7 -6.3 0.4
2.0 3.0 11.5 5.2 -6.3 0.4
2.0 3.0 12.0 6.1 -5.9 0.4
2.0 3.0 12.5 7.0 -5.5 0.4
2.0 3.0 13.0 7.8 -5.2 0.4
2.0 3.0 13.5 8.6 -4.9 0.4
2.0 3.0 14.0 9.3 -4.7 0.4
2.0 3.0 14.5 9.9 -4.6 0.4
2.0 3.0 15.0 10.3 -4.7 0.4

# z=3.0-4.0
3.0 4.0 11.0 4.5 -6.5 0.45
3.0 4.0 11.5 5.0 -6.5 0.45
3.0 4.0 12.0 5.9 -6.1 0.45
3.0 4.0 12.5 6.8 -5.7 0.45
3.0 4.0 13.0 7.7 -5.3 0.45
3.0 4.0 13.5 8.5 -5.0 0.45
3.0 4.0 14.0 9.2 -4.8 0.45
3.0 4.0 14.5 9.9 -4.6 0.45
3.0 4.0 15.0 10.4 -4.6 0.45

# z=4.0-5.0
4.0 5.0 11.5 4.8 -6.7 0.5
4.0 5.0 12.0 5.7 -6.3 0.5
4.0 5.0 12.5 6.6 -5.9 0.5
4.0 5.0 13.0 7.5 -5.5 0.5
4.0 5.0 13.5 8.4 -5.1 0.5
4.0 5.0 14.0 9.2 -4.8 0.5
4.0 5.0 14.5 9.9 -4.6 0.5
4.0 5.0 15.0 10.5 -4.5 0.5

# z=5.0-6.0
5.0 6.0 12.0 5.5 -6.5 0.55
5.0 6.0 12.5 6.4 -6.1 0.55
5.0 6.0 13.0 7.4 -5.6 0.55
5.0 6.0 13.5 8.3 -5.2 0.55
5.0 6.0 14.0 9.1 -4.9 0.55
5.0 6.0 14.5 9.9 -4.6 0.55
5.0 6.0 15.0 10.5 -4.5 0.55

# z=6.0-7.0
6.0 7.0 12.0 5.3 -6.7 0.6
6.0 7.0 12.5 6.2 -6.3 0.6
6.0 7.0 13.0 7.2 -5.8 0.6
6.0 7.0 13.5 8.2 -5.3 0.6
6.0 7.0 14.0 9.0 -5.0 0.6
6.0 7.0 14.5 9.8 -4.7 0.6
6.0 7.0 15.0 10.5 -4.5 0.6

# z=7.0-8.0
7.0 8.0 12.5 6.0 -6.5 0.65
7.0 8.0 13.0 7.0 -6.0 0.65
7.0 8.0 13.5 8.0 -5.5 0.65
7.0 8.0 14.0 9.0 -5.0 0.65
7.0 8.0 14.5 9.8 -4.7 0.65
7.0 8.0 15.0 10.5 -4.5 0.65

# z=8.0-10.0
8.0 10.0 13.0 6.8 -6.2 0.7
8.0 10.0 13.5 7.8 -5.7 0.7
8.0 10.0 14.0 8.8 -5.2 0.7
8.0 10.0 14.5 9.7 -4.8 0.7
8.0 10.0 15.0 10.5 -4.5 0.7
